timestep	mean	median
5878	112.78532239283496	14.684545939123597
11233	553.0568480630011	541.3939357623076
17142	800.7468351994031	812.6822124758712
23142	781.1117223848048	786.3824928940791
29142	780.3742056017244	783.7079760146994
34671	801.9378888079527	850.8661468650794
40671	766.898508045591	769.8595548173664
46418	758.3876964515131	760.9329924842837
52378	876.5980979196405	885.1481030537345
58378	877.282234489501	873.413681568137
64378	962.663959839668	958.8392143253413
70378	935.0501082638027	934.6494255336567
76378	951.9874899001867	953.1579223566083
82378	959.0140098164054	955.4558595906583
88378	968.2291492693003	969.2006964515936
94378	964.9509170250547	965.6261628849032
100378	974.790460256492	974.7830010394455
106378	981.8355219412563	982.4989070226434
112378	982.6888707270864	981.8445917508288
118378	982.3013917584069	981.7378986223869
124378	983.3928853772692	983.2328561576587
130378	980.0178642595838	982.4298350133108
136378	983.9046156835636	982.9100909460477
142378	985.4847349837149	986.8765718982038
148378	983.4173620100403	986.6159271840326
154378	987.45696850363	991.3916363850115
160378	991.5996232856949	991.4714647945448
166378	987.7627686476886	988.5591432278843
172378	984.2687316142421	985.6771041020817
178378	981.7152762031932	983.2508809934614
184378	984.2073563831276	983.3133321722526
190378	986.8096771113327	986.2281142309896
196378	991.4851628923358	993.8334586533242
202378	990.4131454491501	992.1055175569716
208378	991.2307891138447	992.1405148135505
214378	984.7114814139364	985.485929827121
220378	989.0331780138852	990.253602588923
226378	987.0971340490767	988.9840988148364
232378	988.3038520859642	988.4969385242241
238378	987.4260078581023	986.2531538899249
244378	988.0830690639912	987.5458105794339
250378	986.5232761269099	987.4931436934396
256378	986.1627139499284	988.191063444531
262378	991.4086390721362	991.6802761333206
268378	984.6215854893462	986.6125507796921
274378	987.7499771623158	988.6872105883449
280378	987.3509674453587	987.0086946361921
286378	988.6700938021295	987.9196971282258
292378	983.2593850616422	983.1464857754199
298378	988.4530695321755	987.3248029255549
304378	987.6204969142211	989.3991812173014
310378	985.6878148378943	985.7842395698566
316378	985.9190970834297	986.4126211623113
322378	983.0542461963554	981.9741779407298
328378	985.6075125321283	987.4335604887187
334378	988.1323939137116	989.5366716261731
340378	1000.6382783134895	1003.1661242128829
346378	986.8393409162643	987.5404179419274
352378	985.3802178338896	982.9689225882092
358378	983.4779873663452	982.7881903494333
364378	989.7928299474181	989.8058630764738
370378	990.8256156990168	989.4351891571165
376378	983.3499671844062	983.7507258950011
382378	982.8914604009594	983.6825592059536
388378	984.8831943323006	984.6106155056888
394378	985.405989107369	984.7375231625681
400378	985.3901498947346	984.6408149946154
406378	982.3925603488373	982.0594261442982
412378	983.6416040249214	983.7479034711257
418378	985.6184685276285	985.70221224275
424378	990.0935906000111	989.0121442599557
430378	987.4881955294813	986.9653980902292
436378	986.7777190075285	987.0691103844875
442378	985.888020927236	985.4802837734888
448378	985.9841153753474	987.4180149837956
454378	987.5076875284158	985.1695342243563
460378	985.0655406180189	985.5484692786258
466378	980.3245852872375	980.9696736579654
472378	980.4830043494352	980.9081361481401
478378	971.580009471887	973.6864845463556
484378	972.4932049020675	972.5789957885484
490378	973.4436492125894	973.8144761542537
496378	972.5524895502273	972.4611234748608
502378	971.9847100466784	970.600239138607
508378	970.850772158116	971.6671429765076
514378	969.3450953203868	969.5975754878265
520378	964.9107541557111	966.6586554670964
526378	959.3233145777452	961.1799011138589
532378	950.3561188030071	954.5427587905695
538378	928.3237818422983	931.5405444599121
544378	906.6362701574315	927.8172241598224
550378	921.3501528951292	920.9908855090891
556378	898.3938117611012	907.2024982356081
562378	878.0089838022537	890.7288169476394
568378	823.5324416489036	874.3688582429437
574378	640.1823859635009	684.3223819547566
580378	-7704.932360261337	584.7144340719117
586378	187.3471841471068	210.22216177979874
592378	322.80308265146505	555.0182662812123
597389	-622.3489724757128	-593.6070752625532
603389	-1555.7341998208624	-1608.5593808349886
609389	-2796.4721954176316	-2878.222193921584
615389	-3313.434792521695	-3341.8412605943204
621389	-2159.406258714044	-2164.8151452855172
627389	-971.1898984528567	-969.2729565927027
633389	-608.8330725712751	-616.8103377322697
639389	-1070.761446971365	-1061.1936912408078
645389	-1222.4394659458198	-1215.9954224012213
651389	-1053.2043818195548	-1036.8148138237216
657389	-861.6219267382648	-860.574437300909
663389	-705.4447928635662	-699.6140489574625
669389	-1388.7228829358899	-1570.8780027677878
675389	-1309.7138078856703	-1698.5686152640033
681389	-886.6199844446292	-1437.138009224228
687389	-118.12016510680174	-33.87038145000974
693389	383.20018746638857	459.9393002232719
699389	651.140207551028	647.691717184686
705389	840.963607272695	857.465789741708
711389	695.4512971649986	763.2339113802936
717389	835.1647834855751	839.636399128391
722586	-113.76644783257991	-328.9765134943816
727821	161.97730958925095	180.54783688071174
733669	659.3489652672321	660.2240761318806
739669	677.976325569801	660.3498549624186
745669	882.4108243296289	875.3267886512081
751669	933.1831649019857	930.6994529068713
757669	810.0688397288252	810.8696609299407
763669	907.7049314562461	906.6537724647965
769669	918.2982737744571	921.7906328517564
775669	797.1842733479574	795.4019289453528
781669	704.1385753486888	701.7296727585797
787669	900.7886643798684	900.5779981643881
793669	955.624463055764	955.1120119771105
799669	996.4279524631211	995.9451983101999
805669	985.1160313014298	982.9651913724992
811669	976.3435380692761	975.8011960157089
817669	970.1466333851547	971.2384704730778
823669	954.456376911834	956.1633316532243
829669	948.8538319179313	947.8243564099982
835669	937.5558733831706	936.8638780299855
841669	931.0090375032987	930.9986814432609
847669	952.7759411882837	952.7200850562542
853669	950.2251041969532	948.3187316844494
859669	962.2570290962833	961.9294228374915
865669	958.2848779439091	962.1935293050497
871669	959.269783189414	959.9382247879305
877669	962.1846856850683	961.7294711719494
883669	953.3621479767298	954.7671801422567
889669	881.2476251361959	949.9706620228048
895669	951.7309780338492	944.4896236304565
901669	959.5928874987876	959.7013064261329
907669	962.2465673686154	960.239165812329
913669	956.8512571372175	958.3938086512794
919669	940.8152106809014	928.8329524291001
925669	936.4160602875465	936.595158502831
931669	944.1405693082955	950.4701177274403
937669	935.6830958490111	935.7550679121596
943669	938.0024526053123	936.0777173542156
949669	947.7373720090648	946.2514207392435
955669	964.1256553948394	963.2459870424518
961669	969.2778337592208	969.1231461069697
967669	974.6353579586737	974.6197819532533
973669	944.4735914585874	940.808041692295
979669	946.8166710790344	945.6627328418172
985669	943.0838796577384	944.0187290200028
991669	947.3051299281342	946.8302018871444
997669	962.2400524141516	962.1101444450755
