timestep	mean	median
5059	79.69770843702597	-16.114761482917395
10616	382.46075086190575	490.40967775402316
16002	372.7880870189857	236.01058683593118
21802	525.3484875271895	580.6031304779399
26882	426.3728732413767	428.4245587686597
32442	677.204770846513	776.0417685003313
38229	637.3110402408214	762.7338928164327
43739	737.7246115736884	831.7254002479224
48903	745.2206928366935	802.50070581376
54067	885.664079347693	880.3239100504904
59707	887.918629662266	881.7521607300072
65707	916.7099593368799	920.3509547039444
71707	939.5631820617302	934.2039848888037
77707	964.5723949630725	963.8817777559875
83707	938.8174418319628	938.2689904779592
89707	934.8185535558371	929.3039460666965
95399	969.906400788395	970.7687182021618
101399	942.317928507919	940.1179995292791
107258	954.6075727877787	956.9494254193498
113258	965.3196012807466	966.3044047306424
119258	960.4499208583826	975.4346583544557
125258	980.9643569847506	980.7651877304888
131258	980.2752630645391	982.4357096755016
137258	992.4251669392977	991.1661719769106
143258	1043.426102649916	1055.9236358225362
149258	1046.4130186997231	1054.132585653159
155258	1115.626349445445	1112.3087194801342
161258	1004.1474164227833	990.9728010227404
167258	992.9939543684661	992.6748458432787
173258	1012.378568684494	1007.1787898080997
179258	1027.8710177015073	1037.6068020891723
185258	1011.9068566469623	1014.8738632595936
191258	1038.9801790985048	1015.3758995863523
197258	1023.3019403876875	1027.387839681418
203258	1022.9874065642209	1003.7497770989494
209258	1076.5468709789084	1084.0926853088722
214882	1029.6590257423231	1046.9047870837223
220128	1012.5814647997793	1033.969611833864
226128	1041.4312390223054	1044.3672390028719
232128	1157.9243679715967	1130.613521664823
238076	1217.1166301551877	1241.5955134321744
243534	1121.389545378174	1111.013914995248
249491	1146.7444797762903	1171.0711937650967
254621	1060.7930885729045	1029.5084341715974
260434	1161.6894517545202	1169.8309796880965
265845	1078.796281702027	1088.5936905904082
271706	1111.254175695542	1142.8904011190891
277195	1064.9803817707116	1027.9267378862717
283080	955.703854015483	980.3629336932953
289080	915.0087131517441	947.5659159637265
294535	1045.6749215348837	1143.685656169731
300535	940.7130702064236	1033.6218756274438
305576	879.2508685745082	957.4946509778686
311255	863.2507642290273	850.6180586761506
316544	783.4605419222465	743.4949131711896
321874	813.4111043632804	811.9342301210471
327874	794.1957390502732	787.6170235658806
333219	749.6012085993954	751.4289599011133
338350	790.4831651973483	800.6328453366611
343514	792.4292118441134	788.3403460841682
349262	702.5117209171578	742.9178561305541
355262	765.3805936008681	751.6877292645656
361262	715.8780752994367	754.9200987563206
366813	718.1274552258863	662.216259124706
372574	754.8342637862295	731.397774384566
378574	774.6390694414956	761.1142805377458
383814	849.5072429525817	855.1844286869422
389814	749.4064711382862	733.3139753861874
395814	803.4750262764771	791.207336401051
401717	826.7901263126587	819.2656368471692
407201	692.0692239858398	785.0337651391685
413028	748.2913723139211	820.3246595669896
418549	701.2345397844522	796.9819498521318
424549	688.6302926546097	794.0419348654414
430549	928.8362908810066	949.3419010360437
436383	857.6394144597043	836.1298612105968
441530	899.3729839334153	917.5521088339201
446964	882.0791408964724	865.5401950353506
452372	909.7452224342926	963.2751036727072
458303	762.6883960265747	744.4303972020161
463550	784.1989990378827	780.5865542536496
469550	482.1075784433988	541.9810656094041
474654	726.4156444525773	758.4337275135592
479867	714.902726688243	745.5376002298218
485386	609.7238781047685	662.5799062784635
490622	283.02029838535907	187.62786431823292
495700	469.9615627087248	620.2878652382867
501556	237.9276096051787	90.72804182701827
507177	372.1156174532527	353.68718365511756
512800	306.9611860207166	154.38216109387795
518208	292.46871330949926	134.58596497842893
524173	451.3865778596652	650.7479195374888
529721	170.7275689278511	45.129554554381485
535138	182.6161249013394	56.587732218179255
540205	469.66485611382916	603.2543219451954
545724	206.7939176702301	99.6134354873171
551665	303.44224536988986	57.62438039046032
556673	35.001742258688026	24.959607841369852
561714	95.2513099977975	16.30563720387766
566885	24.19135169417765	18.330264247644752
571904	24.557944354796287	24.037427628367542
577127	22.14701675975706	22.35182979040442
582167	30.044076270730095	12.08201664210335
587297	24.881426898023868	18.82700382684809
592314	23.61047661728027	14.58860368624162
597550	18.76667080555997	16.443081989220524
602568	16.333939542068123	16.087359552526628
607577	23.03327173151752	15.216631480901476
612588	13.877674586255186	12.74883889973772
617824	16.2305716546905	14.116560476556653
623137	25.551974119773803	17.88236759590044
628143	60.59579546862237	11.082671045053013
633746	44.36584637399682	12.492003718308414
639062	22.291634058319204	16.173729214515518
645004	22.959648090490944	21.726337689882925
650007	14.358296928173539	10.384457183584148
655407	18.05856725758224	21.881654617611346
661196	16.525343669828647	15.017927372653425
666910	39.836630773257326	17.601818576665572
672469	42.2986011381753	17.490863189834975
677491	35.23125545618551	14.780326990653148
683072	79.31535829342327	20.894969747551464
688998	27.9942364982293	24.893061965970205
694231	61.22416548383346	16.369305867960428
699262	26.96714064452347	16.16858441887543
704407	19.380105431701303	16.44337024208245
709452	28.566347877335623	31.17069802288985
714453	149.84508610197577	32.624327255344156
719461	72.89716152987367	24.388894126173227
725395	85.34999638902879	36.534193541382876
730901	29.360226889883695	22.66445977179869
736192	36.76991591852978	35.10195840072123
741842	28.880645396761054	30.363640109242095
746892	66.04865169511956	20.181446872660306
752134	26.572082946685065	17.389490137895574
757193	23.609184518527837	22.768633676629634
762223	71.07705831697545	12.57442084773984
767923	25.29915809889858	16.908638892010536
773692	69.39289261281063	15.08418940237651
778951	74.23156657058696	21.527949317307506
784294	25.899134727948372	19.398182556295772
789381	26.753368129938657	20.32470712608034
795010	21.344766152651378	17.494542490541154
800454	114.71320130617468	40.46355426265873
805497	35.75862990663166	23.73319456486265
810629	23.52650502187273	19.849699462702574
815674	36.843268407404665	39.12306225029543
821424	19.438395666189706	15.38570467963844
826473	50.807625772544824	28.5501501114744
831533	30.12674585528323	23.016067337661692
836766	20.351805841899118	14.508373898568223
842101	31.72300290929017	25.708642644968883
847767	54.817554007701304	21.246040801602014
853252	89.84478652471378	27.2372174750449
858598	102.66806200133423	29.607601788657476
863794	51.704970731011045	27.423437541252028
869306	27.715983688904895	18.28744353909198
874458	33.268967464538946	30.36223646991149
879560	44.7426265263952	32.909781488685496
884577	83.67150931003673	27.30415944780285
889606	25.297461161409444	18.213894657970897
894972	27.61172253450163	29.789559489672225
900441	48.508217824994595	21.259468641903393
905725	29.201378646784594	15.142434197076305
911469	64.08066773270392	22.318232404350205
917283	159.19847247077988	47.093099086382836
922407	32.986566268566875	26.30949265327156
928186	138.0974972847846	78.60669398896589
933852	101.39030145279368	25.27536346744761
938909	130.10328954303168	43.86837328103306
943988	75.95974137010138	41.33685320408151
949916	39.49060979215851	25.654163624152808
955412	132.17091948479927	61.005016990296056
960669	181.5183670076135	71.58956846825282
965975	28.598648955711433	16.076992626012178
971263	43.83010474517931	18.374572828381872
976856	115.6093158250604	40.91089632240811
982149	37.324675409725636	32.593895809296946
987228	105.7099363546738	30.63616646001386
992462	29.100179286765602	20.998347741273903
997969	76.36855340543636	29.958526420458988
