timestep	mean	median
5289	796.2633132107943	824.4262117277556
11289	949.5652715829871	947.2503815161324
17289	976.5031084677951	979.435568760103
23289	961.9644452221677	982.3699486029992
29289	978.2868475124196	977.0964905072847
35289	1016.4785355012209	1020.7829898736627
41289	1004.6762153603052	1003.9364089359119
47289	988.9351748799536	989.7894394891086
53289	1003.4923377009287	1010.8079274034303
59289	957.4865466548368	956.0974033235398
65289	967.1724884728037	958.7344673527996
71289	973.2923657392806	971.9791966793331
77289	969.9576562845556	969.9319014385535
83289	1003.445804929492	991.347963382502
89289	1025.7422322893722	1026.2715354027068
95289	977.2918695039665	973.2433334534753
101289	1029.025937245808	1049.830797838536
107289	1050.3488615376975	1038.6441987198345
113289	988.7340239769285	989.8276863025018
119289	1065.4870497276765	1073.5580587096706
125289	1142.9646639934235	1147.8542474717908
131289	1170.2974065103679	1173.2939605935885
137289	1044.516453266377	1052.8805940763168
143289	994.4495124807527	990.202262956243
149289	969.6203480030405	966.7121582592431
155289	981.672305555456	980.2926120836585
161289	1017.3385348544977	1010.1207110813414
167289	1023.9709924035533	1016.4253664495379
173289	1022.0669886565859	1013.4046017382883
179289	1006.9360462252395	1004.7740482292364
185289	1000.4117861903885	1000.6480815687057
191289	985.7437178737528	991.0372974576028
197289	1010.936227372396	1013.593182134097
203289	1072.8948467021532	1069.9392570735545
209289	1140.3785975317317	1129.9589796035048
215289	1076.8041960803043	1051.5581485147975
221289	1189.5068968497453	1233.5007830700729
227289	997.5028172119488	984.5877692192547
233289	948.4821417437236	950.4424060210922
239289	943.7135327258172	941.7841790044167
245289	945.1029927352778	943.8640347067651
251289	951.0621536627134	953.3370276506657
257289	949.2727458214031	949.7903986025333
263289	970.7228792895701	968.2586109508046
269289	1098.7334234703444	1105.3530729775966
275289	1084.84801780484	1084.3348241157428
281289	1084.458606906575	1040.1616445450495
287289	1047.2669983108535	1033.8209798779735
293289	1048.4926564954515	1028.8208520116864
299289	1042.052324445144	1044.060058968102
305289	1030.5076272212773	1018.6948214506479
311289	1015.8728491337719	1005.0510238888407
317289	929.6461611254124	924.9411631649971
323289	934.6498738142354	933.9154146644697
329289	972.7600810718568	963.7071866948529
335289	977.3664100867238	986.6257306078003
341289	951.050051885299	960.9569279219456
347289	961.5638183732787	942.3882619784254
353289	980.4796503994188	985.735291086571
359289	1009.5592011860936	989.171920686518
365289	1043.5737373451568	1045.1104822055502
371289	1053.0129787681078	1050.3640974754403
377289	895.8462643895089	893.8045814128492
383289	869.5887048916227	865.0459685929665
389289	805.9538877328698	808.2630731591526
395289	473.7157777198242	473.5960587213334
401289	-357.08137795967036	-307.8922690829802
407289	892.0432727788444	855.1502696784441
413196	956.720323056377	961.9611032882528
418292	692.340583116039	774.1058992737512
423757	716.5038366325709	718.1002189760524
429380	694.0631861939895	738.4392097538749
434569	541.1032298614301	641.8498465279594
440313	512.8706265811672	694.1043728741124
446030	313.8048620430437	268.735834896266
451218	326.3705996052369	240.91360952731094
456419	306.72114507126827	189.6571405043362
462017	68.94099458728499	-61.57365682011429
467908	23.37991869158039	-89.39267500508096
473661	-7.266078134304786	-94.78775095850168
478927	-357.0738310694927	-345.50553954513657
484587	-817.3520607904591	-767.850338493701
489798	-1545.0091336510566	-1666.8162845197576
495182	-617.710748763063	-265.2484419424728
500458	-1230.1398128114815	-1342.5125562289818
505584	-998.6139630424766	-1065.5889185277765
511283	-923.0151238075152	-110.56657191566177
516657	-1318.6286593804532	-1380.545099162293
522272	-1709.766173222486	-2190.918131751228
528154	-1209.9004236850094	-1382.493194429741
533258	-2023.2896014706523	-2220.812553383648
538711	-2301.7156793913587	-2998.9092647062175
544706	-1892.5676653772157	-2617.2003772466524
550706	-1619.467075405592	-1560.2783967626196
556467	-2848.456186526953	-2848.212455188551
562250	-2264.6488600289995	-2869.6740881253227
567714	-1724.6282522373306	-534.3264213600503
572961	-1449.7212042610677	-524.0563136247224
578170	-2008.4791153439994	-629.5053250173968
583547	-2438.1404503304425	-2265.87992530712
589100	-3256.6485161275136	-4624.135187689641
594520	-1816.64650357026	-340.58092174964656
600258	-2468.5156708163004	-2085.3056751359645
605886	-1869.088604044907	-743.1566147357594
611424	-2514.2483620381404	-2989.3281149879967
616438	-3801.228994033191	-3951.7493436405466
621584	-3846.3369604346044	-3589.813368273163
626741	-4888.342525784377	-4651.347034618351
632202	-8003.726981069803	-10124.226049463301
637740	-4225.672342852538	-3219.1718477225313
642924	-6178.177901471785	-9737.292634389087
647946	-4988.198470459447	-5533.874311731874
653810	-2864.4881465478993	-881.1438185164109
658828	-3530.935402849506	-2885.107983576053
664549	-3261.2455554622024	-1732.157045189996
670102	-2094.1844466669036	-1090.418369572038
675196	-2446.1509769403633	-904.5515915653849
680601	-1090.4950323751218	-663.6002562837257
686051	-4768.342506402509	-4021.8536325799564
691807	-2377.948864868612	-753.6596885036668
697255	-4902.891442737675	-3653.9744260903253
702586	-7103.784923775883	-8366.692033417861
707785	-12647.266337973646	-15163.014428346385
713102	-13035.501525804775	-15079.468638138904
719102	-11289.47113546989	-13836.289475878353
724117	-14515.881862421444	-19528.76323523105
729570	-17549.192069316072	-21129.712410228538
734580	-19067.279405441583	-16030.517768808457
739622	-49390.035960535984	-63193.6875197819
744689	-80860.53939135007	-97599.8719737917
749700	-97644.14042012021	-134398.6285249754
754771	-135028.38894158794	-159442.15665855547
759809	-226528.7067261343	-286112.094400047
764909	-261216.77413101625	-392168.5160371909
770069	-316528.90393205645	-297550.10491254146
775285	-580326.1318831044	-754381.1501893629
780705	-1198919.228670522	-1361439.5238305384
785819	-274291.92095328437	-267529.1324976534
791226	-343710.5202380895	-410814.6706096574
797211	-301866.4438521574	-340388.29278017336
802299	-242677.87094136476	-321769.2901130741
807440	-302628.75441946683	-263084.1220956427
813233	-256374.61220876995	-38850.03146282863
818326	-579485.5943598306	-343971.972600739
823539	-832484.5241489556	-581215.8929186799
829539	-1871185.0832978045	-1936219.7919079717
835539	-2843605.5838768743	-2849576.179929969
841539	-3540129.2218512828	-3900894.9800733794
847539	-2897745.7648585597	-3295065.1392410225
853007	-418269.29931071185	-326325.9258295224
858419	-3962725.3183017806	-3986394.2539819432
864419	-2455907.8997429498	-2608941.4161678753
870419	-3189266.862177689	-4529152.930042735
875994	-5524772.173305155	-5617177.778560873
881994	-5082278.078472024	-5208263.770090794
887994	-4918011.942887566	-5051481.800243228
893994	-4956015.159709444	-4916441.102957912
899994	-4144583.5598872667	-4188860.822780701
905994	-3948252.6205182076	-3930817.2872867407
911994	-4102991.9634691207	-3976423.877136533
917994	-3905341.9340542927	-3645719.802529117
923994	-2964033.4243509388	-2966951.405043233
929994	-2217159.0574461725	-2392615.21272982
935994	-1867687.8536875825	-1789504.886007824
941321	-1568260.6561661928	-1544913.1706468822
947321	-3583220.2391212457	-3594565.28986508
953321	-6010783.866454018	-5996328.417769826
959321	-7348798.060492491	-6937298.420609093
965321	-6303974.904807825	-6017608.730837084
971321	-5248130.270458349	-5096727.021180768
977321	-8601630.50479084	-5263618.898770222
983321	-34584751.193625614	-35879067.860371515
989321	-12425152.858792841	-13519058.57451617
995321	-9698965.644133717	-8432639.40629667
